Año,Trabajo,PIB,Capital,Salario 
2005/01,41441076,13354792.35,77.47983378,25832.50313
2005/02,41676868,14104834.68,78.10225014,25813.20166
2005/03,42334898,13782142.6,78.72233519,25629.57144
2005/04,42863703,14306520.45,80.20205148,25479.74554
2006/01,42740936,14107961.11,84.62912433,25897.34409
2006/02,43212434,14700503.81,85.10328485,25415.51962
2006/03,43617867,14435867.22,86.26713705,25285.02999
2006/04,43942607,14800896.84,87.67130303,25230.3804
2007/01,43526125,14393731.48,88.01658973,25707.53545
2007/02,44050928,14993341.59,88.52646553,25525.46768
2007/03,44101860,14783297.43,90.1712438,25263.49146
2007/04,45246080,15204933.41,92.77009022,24675.51802
2008/01,44651965,14563429.22,95.25356322,25314.68136
2008/02,45293616,15386331.87,97.90529674,24896.92855
2008/03,45029841,14979493.16,98.52850946,24981.34225
2008/04,44798686,15125056.48,98.85190332,25274.78412
2009/01,44627384,13752157.47,85.33576424,25511.27039
2009/02,45027104,14012946.41,85.42420636,25361.21827
2009/03,45743215,14231940.4,86.1155583,25323.5686
2009/04,46343704,14882949.24,87.3171409,24838.84171
2010/01,45524339,14371712.1,88.37481076,25071.75505
2010/02,46597624,14998393.28,89.28340496,25171.30528
2010/03,46452588,14921450,89.60662304,25219.73683
2010/04,45911934,15499623.4,91.43260076,24672.3729
2011/01,46005815,14902786.4,90.9855514,25020.56526
2011/02,46891586,15413082.34,93.562482,25059.82244
2011/03,47350681,15526005.35,95.61891733,24943.00365
2011/04,48307467,16139460.31,98.60797034,23971.43306
2012/01,47726265,15619687.19,99.49447858,24627.56803
2012/02,49003380,16027316.83,100.6271527,24822.13805
2012/03,49275020,15952746.02,102.006757,24825.60329
2012/04,48822271,16639144.56,103.4668003,24709.0209
2013/01,48358255,15720278.47,97.02694417,25261.20736
2013/02,49296229,16362711.04,98.38910793,25562.25257
2013/03,49309167,16186046.28,98.49531184,25423.18489
2013/04,49945599,16839712.53,100,25106.52186
2014/01,49080947,16135555.6,96.69117661,25427.8998
2014/02,49301557,16736970.62,98.60777791,25403.58637
2014/03,49455344,16645075.76,100.1175964,25405.83281
2014/04,49823798,17417017.09,103.0663905,25166.03821
2015/01,49806064,16697180.28,101.4160674,25841.71747
2015/02,50336088,17239433.7,103.9089525,25699.51281
2015/03,50734656,17309618.5,106.4943153,25758.9334
2015/04,51568519,17889191.25,108.2282173,25481.80661
2016/01,50778629,17197681.41,104.9809641,25866.40662
2016/02,51433590,17809346.28,106.857586,25500.61648
2016/03,52043100,17666882.89,107.7170091,25223.81284
2016/04,52123674,18473731.77,109.3581426,24671.73233
2017/01,51859895,17791095.46,105.5093914,24867.5322
2017/02,52198611,18149132.22,105.4502905,24956.7575
2017/03,52438646,17943735.58,106.4361862,24950.51123
2017/04,52865845,18770646.69,107.6316914,24678.8819
2018/01,52876916,18072389.06,107.469628,24987.45927
2018/02,53785257,18701099.83,109.2614335,25070.60115
2018/03,54027997,18395545.06,109.0991078,25225.18371
2018/04,54194608,19037446.16,108.6096326,24859.43501
2019/01,54152266,18282105.85,107.2903637,25595.63952
2019/02,54936719,18523716.9,104.8994398,25766.55254
2019/03,55201939,18348814.79,103.8213323,26189.26058
2019/04,55683450,18943796.1,103.2639214,26208.61812
